.Random.seed <-
c(403L, 10L, 725701790L, -528197527L, 272528539L, 889187754L, 
1218198988L, 785199247L, 1732997317L, -419667844L, -269042478L, 
-129231795L, -1902123769L, 781699310L, -1300280888L, -245690677L, 
-1571258583L, -1408956552L, -599384922L, 1555254977L, 35202899L, 
-703020030L, -717373132L, 2063616695L, 92468909L, -1466296380L, 
-1254613014L, 1505968213L, 274202095L, -410458634L, -574831840L, 
-186114845L, 136272257L, 2122895344L, 2144513678L, 1164194297L, 
-1431979125L, 1890686906L, 1090123452L, 1251765759L, 863210325L, 
1636867180L, -1259087678L, 284117789L, -1548238441L, -1020421890L, 
-832107848L, 1150039195L, -1878658311L, 482194504L, 1822250870L, 
1862406833L, 686088931L, -1820327502L, 1534071300L, 1134635335L, 
1133753373L, 1753860756L, 1403150906L, -95196027L, 1021882719L, 
317350374L, -1560555408L, -1247882349L, 648131633L, -1579083040L, 
1421089662L, 871551497L, -1083491781L, -153181174L, -1964450836L, 
288977007L, 1668829093L, -1122576548L, -799933646L, 1839981101L, 
-1799294745L, 66044430L, 1615355880L, -972652053L, 451326601L, 
1777355288L, 547512646L, 2080706465L, 1567408691L, -2064580702L, 
-506070380L, 500273431L, 1978183437L, 961390116L, 1664962058L, 
-50161803L, -1921678641L, -785852970L, 231192960L, 317174211L, 
-1460517023L, -1884594736L, -1238766290L, 256195801L, -2135525653L, 
-1997884582L, -118282980L, 1172190239L, -1185613707L, 936166668L, 
1039673570L, 1193714109L, 720250423L, -562004770L, 274974744L, 
634722171L, -881969383L, -297915480L, 949451606L, 1647346641L, 
103245699L, -1673661934L, 323339684L, -1616141977L, 1318301373L, 
1954608692L, -702460518L, 1299446245L, -1699281537L, -781800186L, 
1605752464L, 1244749619L, -978821935L, -627448192L, 1618693982L, 
-1967493975L, -1984987301L, -213797526L, 1119787020L, 144060495L, 
334481669L, 492052924L, -400238L, -1273643123L, 541525959L, 2101550254L, 
-992424696L, 282225419L, 78677481L, -1207536968L, 748328294L, 
922414593L, 1161836691L, -2130255038L, 1709260020L, 1392593143L, 
1225081069L, -1397611644L, -339722838L, 282673941L, 1664000431L, 
189800886L, 1418491872L, -886261981L, -630978495L, 525189936L, 
1160186190L, 151313337L, -40620597L, 146521722L, -1242074244L, 
877599679L, -1666055019L, 187919020L, -1246050174L, 60876893L, 
845414231L, -465386946L, 37987960L, 589956443L, 997164217L, 91860232L, 
-465719370L, 295785713L, 1846981411L, 487556466L, 1673568196L, 
1088572295L, 1626257757L, 1559877460L, -1427894918L, 1302681797L, 
-244676065L, 1227947430L, 1268903728L, -1201986093L, 851801073L, 
528418080L, 1551553470L, -1812145207L, 639859579L, -1686591158L, 
2052515244L, -544657233L, 535620197L, -1836715492L, 724831346L, 
-2109779219L, -1816592601L, 2095741774L, 623899560L, 590133163L, 
1562240201L, -1308928808L, -1615771258L, -226664351L, -1789333005L, 
404357218L, 925587156L, 404467671L, -1618829875L, -618170012L, 
-1895576246L, 542526645L, 95067151L, -164743914L, 343863232L, 
380791683L, -2054968927L, -2042620528L, -463944082L, 1660297241L, 
1433525419L, 1914193420L, 1566285916L, 1748875474L, -180087296L, 
1698814292L, -1809431064L, 862143482L, 503246032L, -331253460L, 
1953617652L, -1415727726L, -1508351904L, -1883024116L, 831472352L, 
-912587422L, 100928168L, -2043432372L, -1665987204L, 837828914L, 
493526128L, -405314748L, -1332004392L, 561437818L, 421043760L, 
-2114297156L, -574993580L, 103530562L, 1892448672L, -529471812L, 
304063952L, 884419938L, -231186456L, 1630621644L, -1405011204L, 
-912146958L, -1396738944L, 1824563444L, -100179320L, 952566586L, 
-361377968L, -1811525012L, -1363208044L, -893898414L, 2078795488L, 
-232263988L, -310357856L, -677943422L, -758712600L, 825523948L, 
-1222148036L, 1993461362L, 451001456L, 1570214436L, -743792584L, 
414283802L, -1161705776L, 1520700476L, 1486468244L, 1579571330L, 
-1064521792L, -1608775364L, 1584119440L, 835381282L, 676403208L, 
1671371916L, -835402724L, -1579851118L, 1312850048L, -1785052140L, 
-1462734552L, 1595947578L, 1651516624L, -748987284L, -708403532L, 
-1561700334L, -1453994016L, 1453775820L, 1121424864L, 60488226L, 
-266787544L, 764189964L, -927697348L, 187549938L, 932849392L, 
-127021244L, -304642472L, 858237498L, -1677398288L, 826996924L, 
818981396L, -729731902L, 1811115104L, 2099633532L, -2104973104L, 
-1650680798L, 1351161512L, -1393333364L, -1237613124L, -2046249934L, 
140644160L, -2147031884L, -979427512L, -519372102L, -240963824L, 
1037776108L, -1632224172L, 1269849874L, 2054827936L, 1154692044L, 
-1232417952L, -299719486L, 1654201896L, 1948540332L, -799876292L, 
1555982194L, 1471659824L, 1686963748L, 663821368L, 1675065562L, 
-119427696L, -463267076L, -1601346668L, -1991340222L, 2105267712L, 
1980898876L, -1174306224L, -1999196510L, 1895541576L, 2028278284L, 
225261788L, -1254213038L, 261601408L, 579871572L, -1311113752L, 
1811472122L, -1427522736L, -74249172L, 1295059316L, 636511890L, 
-514527648L, -1230207348L, -1818167456L, 276820706L, 188096680L, 
964377804L, -1962008068L, 1787377586L, 1357421040L, 107222468L, 
-1746889896L, 1893039994L, 724436400L, -195924548L, -1887384492L, 
1304944578L, -125151456L, 1369994172L, 608710224L, -435967518L, 
-2054044312L, 268797260L, -373007108L, -1705643278L, -595744000L, 
-947978636L, -334431224L, -981743174L, -1593283632L, -1481325076L, 
-470478956L, 1981980370L, 647604832L, 1634194764L, -1960881888L, 
1287616130L, -1666652696L, -1671746580L, -343709124L, 1313572466L, 
-542180496L, 1989802276L, -799393224L, 1565784474L, -2006147632L, 
-1921536580L, -2054544236L, -4587390L, -291654208L, 451082044L, 
1940736144L, 909220642L, -1766616568L, 392806668L, 1646225820L, 
335538706L, 605806464L, 958714644L, 57977128L, 1042870330L, 1379120080L, 
1779205740L, 945799732L, -676297070L, -951161504L, 176324940L, 
-1782934560L, 419488162L, 555557288L, -966984052L, 1740948924L, 
-1447460238L, -1476740112L, 211429956L, -870903720L, -1344977862L, 
1145953392L, -1569618884L, -2098516716L, 1477456578L, 1460528864L, 
1167060092L, -782871856L, -898539102L, 1054733352L, -1354549492L, 
-101001796L, 253527858L, -1178408874L, 17766452L, -995493051L, 
-283776625L, -2122612472L, -735044826L, -102525997L, 1877361973L, 
2097964178L, 1653251168L, 1175271881L, -1285041925L, 890810060L, 
1202455386L, 920626767L, 501596953L, 193363246L, -1505073348L, 
-1498962771L, 1938200407L, 610482848L, -624856066L, -1303829813L, 
1386968269L, 873322490L, -1667003336L, -418226719L, 1558267539L, 
1390175412L, 1777765826L, -1787847209L, -1120378335L, -1138470426L, 
-1864619804L, 90421269L, -553646017L, -744257576L, -388699658L, 
-46814717L, -351781563L, 70519138L, -1555635504L, 244735481L, 
1445139755L, 1909249692L, -214731574L, 1546149311L, -1960001271L, 
-1250237922L, -625299508L, -1645744739L, 1713661991L, -837462448L, 
-19070226L, -548303973L, -200672771L, -1022337814L, 372299656L, 
-1108991695L, -1896029789L, 1800959396L, 72157266L, -1211602009L, 
997208049L, -1006773450L, -679245868L, 1361558885L, 169349487L, 
14027688L, -1152622330L, -1227767757L, 154433173L, 981176050L, 
-363651264L, 2141494441L, -571670245L, -422242580L, 966707962L, 
-2009255121L, -375416007L, -233161394L, -1396917348L, -1992773363L, 
883626871L, 1656997760L, -1239296546L, -802444629L, -16300627L, 
-1925006822L, 1348173016L, 220643649L, 980720115L, -1027182572L, 
-100125278L, 1627058871L, 2094357633L, 170896518L, -382416700L, 
749217269L, 1074475103L, 1251297976L, -150670442L, 1724006819L, 
-1613437595L, -1317432190L, -1844453904L, -800330855L, 1113419147L, 
-366172036L, -1088734550L, 1942353119L, 1641693801L, -909262722L, 
-1258645396L, -1395777347L, 114135431L, -597162640L, 1452490766L, 
-1021878981L, -225213923L, 1678546634L, -232767000L, 833017553L, 
188474051L, -943617596L, -979149198L, 124002119L, 1455873809L, 
-744877418L, 595335156L, 511263109L, 1839873231L, -187603512L, 
-1004086170L, -513770861L, -87170571L, 46156754L, 23203872L, 
-858760695L, -1970756805L, 1930864268L, -828888294L, -280756849L, 
1318728409L, -94892690L, -1595297540L, -934438291L, 201598487L, 
